10,175
10,204
10,35
10,302
10,88
10,111
10,24
10,12
11,8
11,25
11,14
11,23
11,15
9,6
9,4
8,17
8,15
8,11
8,9
59,4
59,3
59,2
59,1
59,0
58,4
58,3
58,2
58,1
58,0
57,4
57,3
57,2
57,1
57,0
55,3
55,2
55,1
55,0
54,3
54,2
54,1
54,0
53,5
53,4
53,3
53,2
53,1
53,0
50,5
50,4
50,3
50,2
50,1
50,0
48,5
48,4
48,3
48,2
48,1
48,0
36,3
36,1
20,3
20,2
20,1
19,3
19,2
19,1
12,3
12,2
12,1
11,27
11,21
11,20
11,12
11,11
11,7
11,5
11,3
11,2
11,1
10,246
10,228
10,195
10,170
10,121
18,1
10,95
18,3
10,93
10,66
10,64
10,3
10,2
10,1
14,1
9,7
14,3
9,5
9,3
13,1
9,2
13,3
9,1
8,16
8,14
